drive:
  panda_joint1: 0.0
  panda_joint2: -1.57
  panda_joint3: 0.0
  panda_joint4: -2.35619
  panda_joint5: 0
  panda_joint6: 0.78
  panda_joint7: 0.78
  
grip:
  panda_joint1: 0.0
  panda_joint2: 0.4245286051390464
  panda_joint3: 0.0
  panda_joint4: -2.301307
  panda_joint5: 0.0
  panda_joint6: 2.7416359369489878
  panda_joint7: -0.785398163