x: 24.7212352753
y: 12.5128326416
z: 0.0

qx: 0.0
qy: 0.0
qz: 0.933554098622
qw: -0.358436528477

